0.720
4,0,1795044265
0,4,2061680723
4,0,2147483647
0,4,1469174690
0,4,2049461606
0,4,1832636113
0,4,2147483647
0,4,1880486592
0,4,1999082500
4,0,1984393203
4,0,2067445015
4,0,2147483647
0,4,1795959733
4,0,2147483647
0,4,1564855353
0,4,1964588954
0,4,2147483647
0,4,2052119660
0,4,1793706336
4,0,2147483647
4,0,1752124791
0,4,1685218362
4,0,1573392336
0,4,1880458216
4,0,2012557382
0,4,2012276128
0,4,1678492947
0,4,2065477057
4,0,2147483647
0,4,1979683045
0,4,1880267634
0,4,2060187656
4,0,2054590838
4,0,1969494477
0,4,2017194237
0,4,1972194617
4,0,1969718774
0,4,2006532087
4,0,2147483647
0,4,2002833024
4,0,2147483647
0,4,1968135638
4,0,2147483647
4,0,2147483647
4,0,2147483647
4,0,2147483647
0,4,1984882031
4,0,1825874213
0,4,1985608976
4,0,1883104826
0,4,2051317114
0,4,2065281189
4,0,1985820444
0,4,2063413171
4,0,1880130173
0,4,2062361546
0,4,1558792776
4,0,2147483647
4,0,2147483647
0,4,1965620313
4,0,2055322852
4,0,1753431870
4,0,1760174764
0,4,2057958274
4,0,1550838931
4,0,1969464607
0,4,2070703175
4,0,2053543748
0,4,1956421114
0,4,1827648079
0,4,1994316027
4,0,2006624731
0,4,1792073269
0,4,2001076939
0,4,1990447518
0,4,2054921288
4,0,2070183042
0,4,2057819813
0,4,2062399417
0,4,2030213594
0,4,2147483647
0,4,2048223166
0,4,2071914271
4,0,2147483647
0,4,1981029899
0,4,1974741993
4,0,2064208100
0,4,1988770562
4,0,2147483647
0,4,2147483647
4,0,1983127514
4,0,2147483647
0,4,1963820192
0,4,2060344038
0,4,2063822521
4,0,2061891319
4,0,2058777653
4,0,2006290912
0,4,1997659079
4,0,2060423355
4,0,2051440293
0,4,1553584021
4,0,1880538473
0,4,2147483647
0,4,1795134642
4,0,2147483647
4,0,2147483647
0,4,1968766091
0,4,1754524035
4,0,2147483647
0,4,2052866830
0,4,1824621390
0,4,2058829297
4,0,2147483647
0,4,1759817127
0,4,1977704286
0,4,2009186598
0,4,2147483647
0,4,2147483647
0,4,1794268637
4,0,1752443716
0,4,1555729487
0,4,1695657091
0,4,1957241010
4,0,2147483647
0,4,1993665707
0,4,1753415392
0,4,2060924768
0,4,2059068356
4,0,1880102032
0,4,2014295733
0,4,2147483647
4,0,2147483647
4,0,2147483647
0,4,1995128672
4,0,2018322681
0,4,2015063840
0,4,1970521949
0,4,1880934027
4,0,1834956316
0,4,2049878032
4,0,2147483647
0,4,1982049837
0,4,1980254470
0,4,2147483647
0,4,1979350277
4,0,2147483647
4,0,2147483647
4,0,1677370967
0,4,1967455796
0,4,2003317043
4,0,2018771529
0,4,1882797844
0,4,1468268968
4,0,2147483647
0,4,1996420073
4,0,2147483647
0,4,1992316009
4,0,2147483647
4,0,2147483647
0,4,2001322140
0,4,1964545474
4,0,1992975233
4,0,2147483647
0,4,1573718285
0,4,2060923067
4,0,2147483647
0,4,2068038111
0,4,1754790896
0,4,1825559196
0,4,1468407171
4,0,1687360159
0,4,2147483647
0,4,1551585303
0,4,2015556169
0,4,2031448467
0,4,2147483647
0,4,1755443052
0,4,1978989850
4,0,2070839409
0,4,1963199940
0,4,1686216416
0,4,2062290214
4,0,1981443860
0,4,1979558827
0,4,1972666999
0,4,2147483647
4,0,2147483647
0,4,1558343258
0,4,1966596581
0,4,2064157580
0,4,2147483647
4,0,2015627378
0,4,1834307574
0,4,1685573214
0,4,1990841329
0,4,2147483647
4,0,2147483647
4,0,1468636811
4,0,2147483647
0,4,2061473271
0,4,2071945748
0,4,2071729576
0,4,2147483647
0,4,1990361201
0,4,2060085655
0,4,2018732908
4,0,2147483647
4,0,2001240698
4,0,1794908363
4,0,1834605969
4,0,1992871959
4,0,1686274417
4,0,2147483647
4,0,2060637968
4,0,2147483647
0,4,2062955047
4,0,2011239116
4,0,1754696920
0,4,2060528023
0,4,1967983859
4,0,1791791919
0,4,1833896516
0,4,1976734877
0,4,2066921376
4,0,2147483647
0,4,1976091889
0,4,1824637314
4,0,1994142588
0,4,2015163696
0,4,2147483647
4,0,2054771273
4,0,1794463713
0,4,2147483647
0,4,1881517208
0,4,2147483647
0,4,2064495483
4,0,1752767220
0,4,1983793863
4,0,2147483647
0,4,2067219174
4,0,2050955778
0,4,1970285166
4,0,1972729453
0,4,2062710646
0,4,2007163626
0,4,2058008953
0,4,1970195826
0,4,1970221818
0,4,2147483647
0,4,1932276847
0,4,2147483647
0,4,1990009406
4,0,1976366758
4,0,1961044058
0,4,1559908144
0,4,2054717302
4,0,2147483647
0,4,1969783607
0,4,1677504257
4,0,1883253969
0,4,1880956893
0,4,2065625176
4,0,1975619383
4,0,1823808919
0,4,2058181085
4,0,2147483647
0,4,1833587520
0,4,1793987031
4,0,2147483647
4,0,2147483647
0,4,2064168025
0,4,1827487171
0,4,2004305396
4,0,1573580743
4,0,1751202385
0,4,1678153109
4,0,1984879707
0,4,2065478647
0,4,1551271087
0,4,1827469657
0,4,2147483647
0,4,1557980464
4,0,1990788016
0,4,1995956924
0,4,1974444395
0,4,1971970362
0,4,1961355870
0,4,1964939778
0,4,1981969904
0,4,1990524894
4,0,2065175912
4,0,2147483647
0,4,1961298221
0,4,2147483647
4,0,2147483647
0,4,1468653891
4,0,2147483647
4,0,2147483647
0,4,1564733573
0,4,2052826175
0,4,2012312804
4,0,1932858264
4,0,2064182414
4,0,2147483647
0,4,2054918386
0,4,1999708883
4,0,1963373265
0,4,2058074207
4,0,2013653469
0,4,2054934009
0,4,2067315849
0,4,2048303505
4,0,2147483647
0,4,1824181707
4,0,1965071295
0,4,1969964448
0,4,1982248051
0,4,2063803775
0,4,1978971910
4,0,1677402065
4,0,2147483647
0,4,2147483647
0,4,2147483647
0,4,1982666707
0,4,1972226044
0,4,2147483647
0,4,1687042965
0,4,1755842151
0,4,2147483647
0,4,1981390181
0,4,1834661351
4,0,1559940226
4,0,1969158469
4,0,2065676615
0,4,1753518278
0,4,2017704222
0,4,2048010284
0,4,2061667449
4,0,1981103582
4,0,1676752163
0,4,2059613708
4,0,2147483647
0,4,2048031475
4,0,2147483647
0,4,2147483647
0,4,1997678271
0,4,1992520476
0,4,1882128427
0,4,2068890921
0,4,1827098699
0,4,2147483647
4,0,1971329093
0,4,1882268773
0,4,1881542792
0,4,1975740156
0,4,2051498708
0,4,2147483647
4,0,1997212357
4,0,1880782217
4,0,1995928037
0,4,1836134023
0,4,1880904154
0,4,2058860623
0,4,2013974188
0,4,1793776408
0,4,1968862893
0,4,2147483647
4,0,2059542444
0,4,2048516472
4,0,2147483647
4,0,1985184604
0,4,1833986077
0,4,2069567914
4,0,1986581930
0,4,2071222739
0,4,1998065234
0,4,2063769679
4,0,2147483647
0,4,2147483647
4,0,1556595537
4,0,1985866989
0,4,1980433807
0,4,1956211993
0,4,2063572918
4,0,2003493750
0,4,2059428675
0,4,1991385377
4,0,2147483647
4,0,1997261281
4,0,2147483647
0,4,2064359618
0,4,2047902007
4,0,1981161655
4,0,2012798441
4,0,1564235860
0,4,1995191483
4,0,1694873919
4,0,1972913509
4,0,2060667381
0,4,1965638677
0,4,2147483647
0,4,2049384285
0,4,1956243781
0,4,1989631122
0,4,2002316821
0,4,2003792939
4,0,1981127497
4,0,2147483647
0,4,2009989333
0,4,1881580411
4,0,1824524647
4,0,2014730504
0,4,1960823271
4,0,2065672240
4,0,2012926711
0,4,1996729711
4,0,1468416968
0,4,2039895863
0,4,1969681049
4,0,1760069536
0,4,2147483647
4,0,1755249365
0,4,1553584195
0,4,2002844615
0,4,2047296850
0,4,1962678655
0,4,2045107513
4,0,1986809950
0,4,1970041576
4,0,1676445454
4,0,2147483647
0,4,1989832354
4,0,1834617869
0,4,2051645543
4,0,2147483647
4,0,2147483647
4,0,2147483647
0,4,2000222270
4,0,2147483647
4,0,2016932251
0,4,1678336120
4,0,2049771496
0,4,1559643205
4,0,1960325556
4,0,1686849243
4,0,2014897516
0,4,2018011913
4,0,1694392093
4,0,1565067341
4,0,1983581062
4,0,2147483647
4,0,2147483647
0,4,1982835826
4,0,2016320660
4,0,2147483647
0,4,2071869155
4,0,2048427770
4,0,2050405738
0,4,2147483647
4,0,1752697690
0,4,1824133800
0,4,1969197937
4,0,2147483647
0,4,1792481006
0,4,2050904698
0,4,1995274647
0,4,2058861576
0,4,1964705872
0,4,1693744289
0,4,1977996441
4,0,2147483647
4,0,1678091393
4,0,1834222944
4,0,2147483647
0,4,2147483647
4,0,2147483647
0,4,2039972565
0,4,1832769582
0,4,1979566665
4,0,1986920737
0,4,1564381575
4,0,1564299946
4,0,1882350045
4,0,1967303916
0,4,1997910286
4,0,2031238773
4,0,2003082359
4,0,1995548586
4,0,2147483647
0,4,1564585458
0,4,2147483647
0,4,2147483647
4,0,1676947102
0,4,1822323345
0,4,1883560665
0,4,2016105149
0,4,2014917009
0,4,1963199198
0,4,1979256390
0,4,1825200700
0,4,2002253983
0,4,1558424919
0,4,1880103290
4,0,2147483647
0,4,2147483647
4,0,1551649043
0,4,1793658942
0,4,2049539137
0,4,1548812521
0,4,1998269815
0,4,1880609719
0,4,1992996284
0,4,1969959604
0,4,2002411368
0,4,2069472657
4,0,2147483647
4,0,1933168908
0,4,1552035688
0,4,1880841222
0,4,1880016348
4,0,2147483647
0,4,1992605142
4,0,2015588045
4,0,1984121255
4,0,2147483647
4,0,2147483647
4,0,1881859454
0,4,1996193781
0,4,1989694330
0,4,2061046866
4,0,1823416419
0,4,1469556886
0,4,2053022842
0,4,2147483647
0,4,1969975853
4,0,1976830613
0,4,1880039125
0,4,1978854801
4,0,2062000752
0,4,1993837609
0,4,1957629260
0,4,1693934208
0,4,1977053537
0,4,2051643286
4,0,1685870875
0,4,1970338464
0,4,1993837556
0,4,1974675381
0,4,1932774181
4,0,1976969897
4,0,1998163432
4,0,1823040086
0,4,2002002173
4,0,1973262315
4,0,2072286857
4,0,2053703659
0,4,2064711519
0,4,2064507453
4,0,1693809577
4,0,2048339592
0,4,2048073856
0,4,1933074283
4,0,2063339986
0,4,1880633583
0,4,1982908226
0,4,2052060687
0,4,2016122955
0,4,1995593099
0,4,2063022276
0,4,1976520175
0,4,1834428893
0,4,2000304403
0,4,1564022098
4,0,2147483647
0,4,1693119391
0,4,2016250485
0,4,2017104199
0,4,2060701701
0,4,1991222386
4,0,1974666481
0,4,1770809502
0,4,1824135057
4,0,2147483647
0,4,1573617648
0,4,2052096929
0,4,1978516086
4,0,1687215166
0,4,1558214781
4,0,2147483647
0,4,2056095063
0,4,1565687097
0,4,2014804810
0,4,2056896857
0,4,2014886961
4,0,2147483647
0,4,2147483647
0,4,2147483647
0,4,1979270624
0,4,1980025682
4,0,2053918152
4,0,2147483647
0,4,1694727520
0,4,1565996758
0,4,1975957140
0,4,2147483647
0,4,1970943057
4,0,2147483647
4,0,1979910058
4,0,1964854224
0,4,2011312876
4,0,1976215769
0,4,1996045212
4,0,2147483647
0,4,1989912915
4,0,2014218959
0,4,2147483647
0,4,2062025660
0,4,1970922383
0,4,2147483647
0,4,2060596900
4,0,2061539967
0,4,1686138318
0,4,1557713531
0,4,1880664968
0,4,2053050802
4,0,1686335394
4,0,1795691416
0,4,1972789851
4,0,2054655011
0,4,1880477820
0,4,1990079729
0,4,1980618570
0,4,1694240308
4,0,2048679195
4,0,1972040388
0,4,1823739979
0,4,1834020956
0,4,1967494194
0,4,2147483647
0,4,1686877455
0,4,1971031747
0,4,2067144644
0,4,1969440440
0,4,1992893061
0,4,2003264493
0,4,2000304879
0,4,1984464114
0,4,1559006753
0,4,1978747539
0,4,2002065355
4,0,1880429207
0,4,1685538264
0,4,1834885585
0,4,1984072241
0,4,1793204245
0,4,1991349719
4,0,2147483647
4,0,1550762111
4,0,1960576036
0,4,2147483647
0,4,2147483647
0,4,2147483647
0,4,1970674292
0,4,1686183338
0,4,1989686683
0,4,2064742059
0,4,2014035669
0,4,1979481632
0,4,2071476597
0,4,2147483647
0,4,1996972646
0,4,2061966237
4,0,2147483647
0,4,1825240263
0,4,2013706488
0,4,1835425436
0,4,1982449367
4,0,1963462813
0,4,1755059583
0,4,1827428252
4,0,2053969766
4,0,2017826834
4,0,2147483647
0,4,2147483647
4,0,2147483647
4,0,2147483647
4,0,2012820058
4,0,1995234715
0,4,2056823033
0,4,1680313288
0,4,1751034655
4,0,2147483647
0,4,1880895639
0,4,2052661577
4,0,2047027958
0,4,1882319877
0,4,2069433410
0,4,1880598499
4,0,2147483647
4,0,1997655687
0,4,2001799719
4,0,1557328620
4,0,2147483647
0,4,1677536277
4,0,2045841787
0,4,1999647580
0,4,2014629488
0,4,1989933460
4,0,2050682617
4,0,1984730378
0,4,2064316692
0,4,2047672703
0,4,1752590890
0,4,2047792435
0,4,2017702571
4,0,1751138541
0,4,1974660315
0,4,1984815393
0,4,2014308011
4,0,2147483647
0,4,2003711900
4,0,1548853933
0,4,2015799252
0,4,2053296799
4,0,2003023406
0,4,2147483647
0,4,1985507265
0,4,1971268786
0,4,2072514150
4,0,1992083655
4,0,2000410619
0,4,2067741466
4,0,2147483647
0,4,2147483647
0,4,2001821426
0,4,2015651678
0,4,2147483647
0,4,1956658822
0,4,2052502305
0,4,1976776633
0,4,2147483647
0,4,1978438587
0,4,2012969871
0,4,1771003528
0,4,1971483037
0,4,1990698900
4,0,2147483647
0,4,2147483647
0,4,2068115632
0,4,2061348244
0,4,1832659418
4,0,2044614329
4,0,1792693919
0,4,2063880749
0,4,1751068708
0,4,1564987841
0,4,1983710380
0,4,1968116994
0,4,1676342419
4,0,2147483647
0,4,1982310761
0,4,1985575804
0,4,1881417341
4,0,2147483647
0,4,1468938119
0,4,1996024508
0,4,2050640153
0,4,1961355710
0,4,2064712152
4,0,1678548313
0,4,2147483647
0,4,1881041117
0,4,2147483647
0,4,2050361434
4,0,1880858882
0,4,1988864101
4,0,2147483647
0,4,2147483647
4,0,2147483647
0,4,1978776042
0,4,1993123737
0,4,1881502835
0,4,2051420448
4,0,2147483647
4,0,1468532172
0,4,2054561308
0,4,1558213373
0,4,2049597630
0,4,1694165895
0,4,2058045970
4,0,1992166439
4,0,2147483647
0,4,2001311901
4,0,2018598033
0,4,1978263890
0,4,1969472555
4,0,1573779492
4,0,2147483647
0,4,1979807235
4,0,2147483647
0,4,1753310108
4,0,2147483647
4,0,2018147422
0,4,2004201964
0,4,1686335262
0,4,2052924377
4,0,1824280719
0,4,1678693599
0,4,1555984963
4,0,2147483647
0,4,2069363159
0,4,2001588719
0,4,1791938654
4,0,2147483647
0,4,1972330308
0,4,2054826273
0,4,1984668456
4,0,2001818984
0,4,1553491388
4,0,2147483647
0,4,2147483647
0,4,1835885753
4,0,1551298222
4,0,2147483647
0,4,2147483647
4,0,2147483647
0,4,1976109543
0,4,1834952043
0,4,1969912809
0,4,2147483647
0,4,2052948988
0,4,1563558073
0,4,2147483647
4,0,1827587440
0,4,1880572752
0,4,1548497412
0,4,2147483647
0,4,2063050600
0,4,1468353283
4,0,1752401969
0,4,2147483647
4,0,1467810369
4,0,2147483647
4,0,1685725616
0,4,2008559961
0,4,1969212179
4,0,2147483647
0,4,1992332372
0,4,1979615996
0,4,2147483647
0,4,1990213029
0,4,1997541738
0,4,2039910869
4,0,2147483647
4,0,1574106077
0,4,2003710175
0,4,1824804465
0,4,2060546487
4,0,1995126681
0,4,1565330750
4,0,1983427578
0,4,1985986062
0,4,2017643225
0,4,2147483647
4,0,1990872440
4,0,1986044144
4,0,2147483647
0,4,1833400604
0,4,1551683036
0,4,1986619770
0,4,2147483647
0,4,1971515559
0,4,2048304606
4,0,2147483647
0,4,1835673287
0,4,1687766121
0,4,1880756424
0,4,2032506760
4,0,1564317284
0,4,2055774555
0,4,2002498280
0,4,2044345080
0,4,1981658974
0,4,1794227178
4,0,2147483647
0,4,1825689609
4,0,1997120451
0,4,2147483647
4,0,2147483647
0,4,1676253209
4,0,1573685091
4,0,1691339437
4,0,2070982324
0,4,1970942043
0,4,2147483647
0,4,1834516261
0,4,1825414085
0,4,1825438104
4,0,2053752780
0,4,2147483647
4,0,1553944744
4,0,2013545135
0,4,1880597957
0,4,1573310055
4,0,2147483647
4,0,2043947464
4,0,2069579221
0,4,2051339200
4,0,1548778307
4,0,2147483647
0,4,2053858057
4,0,2147483647
0,4,1979138878
4,0,2147483647
0,4,1999080488
0,4,2018643996
4,0,1968617405
0,4,1548318058
4,0,2147483647
0,4,1982165892
0,4,2044735634
0,4,2147483647
4,0,1883344152
0,4,1995043358
4,0,1995997406
4,0,2147483647
0,4,1824409638
0,4,2014452437
0,4,2045437602
0,4,2008556706
0,4,1573649805
0,4,2001965645
0,4,2147483647
0,4,1977478446
0,4,2069637857
0,4,1824898282
0,4,1834402106
0,4,2065820335
4,0,1823834710
4,0,2147483647
4,0,2147483647
0,4,1793505352
0,4,2147483647
4,0,2063292817
0,4,2002858836
0,4,1685127332
4,0,2147483647
0,4,1963135793
0,4,1562361914
0,4,1965621204
0,4,1995958251
4,0,2147483647
0,4,1974445089
0,4,2039779782
0,4,2147483647
0,4,1999100085
4,0,1966904988
0,4,1677828589
4,0,1956132186
4,0,2147483647
0,4,1984601873
4,0,2018947471
0,4,1961113956
0,4,2147483647
0,4,1992271679
0,4,1556360851
4,0,1692287477
0,4,2147483647
4,0,2147483647
4,0,2147483647
4,0,2014648612
4,0,2147483647
0,4,2147483647
4,0,1971915406
0,4,1993245980
0,4,1964814560
0,4,2053612566
4,0,1965887145
0,4,1825218926
0,4,1755061131
4,0,2147483647
0,4,1834897699
0,4,1684819899
4,0,2054005955
0,4,1827820002
0,4,1996518644
4,0,2147483647
4,0,2147483647
0,4,2063873722
4,0,2051249579
0,4,1678879503
0,4,2147483647
4,0,2147483647
4,0,2147483647
0,4,1974332894
4,0,1990790203
4,0,2055267316
0,4,1793483301
0,4,1962438840
0,4,2070428023
0,4,1468869955
4,0,1833427018
0,4,2002141589
4,0,1975516788
4,0,1553546827
0,4,2055056901
0,4,1975425119
0,4,2045170497
4,0,2147483647
4,0,1681092997
0,4,2050285762
4,0,1792690185
4,0,2147483647
0,4,1834942617
4,0,2147483647
4,0,2147483647
0,4,1968678347
0,4,1967005599
0,4,1468294189
0,4,2053502340
4,0,2147483647
0,4,1978272867
4,0,2147483647
0,4,2052494147
4,0,2147483647
0,4,1556510200
0,4,1992607102
4,0,1983976761
0,4,2147483647
0,4,1975849245
4,0,1469269900
0,4,1933201064
0,4,2014023109
4,0,1470091904
4,0,1999761186
4,0,1558726445
0,4,2054035205
0,4,1833020239
0,4,1980310380
4,0,2147483647
4,0,2011541308
0,4,1548318089
0,4,1993540627
0,4,1678069744
4,0,1679241097
4,0,2066060245
4,0,2147483647
0,4,1550967980
0,4,1979428033
0,4,1565365365
0,4,1985557373
4,0,1468623062
0,4,1974851818
0,4,1695620876
0,4,2015986647
4,0,1834111498
0,4,2147483647
0,4,1753631640
0,4,2008446091
4,0,2147483647
0,4,1980034897
4,0,1833888453
4,0,1573804506
0,4,2003204139
4,0,1991746257
4,0,1962907469
0,4,2014753660
4,0,2147483647
0,4,2069027123
4,0,2147483647
0,4,2064127803
0,4,1992230245
4,0,2049697065
0,4,1974529849
0,4,2068416130
0,4,1983326993
4,0,1676423740
0,4,1978200499
0,4,1824637284
0,4,1978997260
4,0,2147483647
0,4,1979536499
0,4,1835888198
0,4,1956850350
0,4,1834897181
0,4,2147483647
0,4,1676808119
0,4,2070089307
0,4,2050041247
0,4,1750895141
0,4,1556552091
0,4,2060241369
0,4,2049708007
0,4,1556065268
0,4,2060527446
4,0,1981900585
4,0,2147483647
0,4,2062648927
4,0,2147483647
4,0,1791922600
0,4,1977307638
4,0,2051149296
0,4,2016642645
0,4,1822723156
0,4,2016072529
0,4,2058726612
0,4,1692258241
0,4,1973021025
0,4,1771210128
0,4,2147483647
0,4,1563830597
0,4,1990565486
4,0,1792420652
4,0,2147483647
4,0,2147483647
0,4,1694812972
0,4,2147483647
0,4,1975439293
0,4,1833921839
4,0,2064217114
0,4,1687309499
4,0,2147483647
4,0,1557644140
0,4,2002871716
0,4,2046868012
4,0,2147483647
0,4,2147483647
4,0,2147483647
0,4,2056771009
4,0,1969042202
4,0,1759878832
0,4,2047389913
0,4,1558707117
4,0,2067795339
4,0,2061826540
4,0,2147483647
0,4,2147483647
4,0,1984839312
0,4,2147483647
4,0,1794772516
4,0,2147483647
4,0,2012261849
4,0,2147483647
4,0,2063984098
4,0,2070377275
4,0,1991860895
0,4,2147483647
0,4,1960296107
4,0,2071700951
0,4,1676995528
0,4,1791599250
0,4,2053464168
0,4,2064037203
4,0,1559673443
0,4,1564564450
4,0,1974682319
0,4,1967847540
0,4,2061164776
0,4,2147483647
0,4,1994724802
0,4,1694552445
0,4,2063643369
4,0,2018460485
0,4,1969199695
0,4,1676253081
0,4,2054904471
0,4,1469367959
0,4,2066286615
0,4,2048902399
0,4,1982364930
0,4,1881059528
4,0,1677802366
4,0,2147483647
0,4,2147483647
0,4,2052454714
0,4,2066156041
4,0,1828053716
0,4,1983204428
4,0,2147483647
4,0,1557196544
0,4,1970784918
0,4,2003079325
0,4,1834315632
0,4,2016123301
0,4,1989238668
4,0,2052854357
0,4,2013720300
4,0,2147483647
0,4,2046661960
4,0,2147483647
0,4,1693582671
0,4,1999838272
0,4,1564959316
4,0,2147483647
4,0,1968440555
4,0,2051022295
4,0,2147483647
0,4,1680884655
0,4,2048138657
0,4,1469760459
4,0,2000499065
4,0,2062130346
4,0,2147483647
4,0,2147483647
4,0,2147483647
0,4,1992892783
0,4,1989444879
0,4,1970254252
0,4,1824430332
0,4,1792117812
4,0,1573069723
4,0,2014987658
0,4,1973880325
4,0,1557915414
0,4,2054502542
0,4,2015041851
0,4,1559356958
0,4,2071887705
0,4,1963822594
4,0,2064592635
0,4,1751324739
0,4,1995403087
0,4,2058929292
0,4,2064056843
4,0,2070387156
4,0,2067108245
4,0,2147483647
0,4,2014866449
0,4,2048349068
0,4,1998086133
0,4,1759653173
4,0,2065040075
0,4,2147483647
4,0,1752416053
4,0,1980339324
0,4,2147483647
0,4,2015127795
4,0,2147483647
4,0,1989339247
0,4,1989482645
4,0,1823814469
4,0,2147483647
4,0,2059530050
0,4,1551270892
4,0,2147483647
0,4,2147483647
4,0,2147483647
4,0,1969333555
4,0,1753307859
0,4,2014540226
0,4,2002711429
0,4,1986475346
0,4,2147483647
4,0,2147483647
0,4,2017106733
0,4,2015436008
0,4,1996357305
4,0,2147483647
0,4,1680742192
4,0,1555931000
0,4,2063069686
4,0,2147483647
0,4,1975343431
0,4,2063667750
0,4,2052535602
0,4,2147483647
0,4,1754599331
4,0,2147483647
0,4,2055828882
0,4,2060137856
0,4,1553926283
0,4,2147483647
4,0,2147483647
4,0,2068119426
4,0,1966981206
0,4,2065057641
0,4,2147483647
0,4,1962045507
0,4,2056771164
4,0,2147483647
0,4,1976912718
0,4,2013900996
0,4,1986641242
0,4,1970044676
0,4,1970179540
0,4,2001404025
4,0,2147483647
4,0,2147483647
0,4,1988977689
4,0,2147483647
4,0,2147483647
0,4,1880422906
4,0,2147483647
4,0,2031855040
0,4,1834313859
0,4,1971591897
0,4,1827219343
0,4,2049838400
4,0,2147483647
0,4,1824582751
4,0,1551179767
0,4,1979632145
0,4,1793985685
0,4,1932858806
0,4,1966523824
0,4,1978989122
0,4,1751431183
0,4,2147483647
4,0,2147483647
4,0,2070261537
0,4,1573252109
0,4,2147483647
4,0,2147483647
0,4,1971482268
0,4,1694367237
0,4,1826451755
4,0,1686828899
4,0,1971280284
0,4,2061132979
4,0,2059435727
0,4,1984482037
0,4,1972212044
4,0,1678810498
0,4,2147483647
4,0,2147483647
4,0,1822539039
0,4,1974101945
4,0,2147483647
0,4,1833735491
4,0,2147483647
4,0,2054265158
4,0,1984835765
4,0,2147483647
0,4,2048326477
0,4,1684981732
0,4,2069228355
0,4,1968680829
0,4,2064229911
0,4,2001578348
0,4,1974428822
4,0,2147483647
0,4,1989832348
0,4,1958074103
0,4,2013495503
0,4,2147483647
0,4,1970092385
0,4,1684762584
0,4,2147483647
4,0,1980287632
0,4,2050657297
0,4,2044930269
0,4,1967287316
0,4,1831297275
0,4,1975186670
0,4,1827812330
4,0,1996034198
4,0,2147483647
0,4,1971986939
4,0,1990436668
0,4,1966338217
0,4,1835501911
4,0,1990429095
4,0,1997260503
0,4,1967077689
4,0,2147483647
4,0,1957301684
0,4,2053065327
4,0,2053173907
0,4,2001298009
0,4,1792196219
0,4,2054764604
0,4,2000632044
0,4,2051196200
0,4,2056484544
4,0,1986897510
0,4,1565294837
0,4,2003247771
4,0,2147483647
0,4,1972177813
4,0,2147483647
4,0,2147483647
0,4,2033597398
4,0,1982835207
4,0,1970419452
4,0,1823154411
4,0,1759728849
0,4,2068891433
0,4,2001404553
0,4,2014693062
0,4,2147483647
0,4,1992355114
4,0,1991688740
4,0,1751949655
0,4,1826525549
4,0,2060305622
0,4,1996787711
4,0,2065156743
0,4,1827979868
4,0,2147483647
0,4,2147483647
0,4,1985366963
0,4,2008810699
0,4,2013164060
4,0,1986704344
0,4,2147483647
4,0,1989055740
4,0,1974138257
0,4,2147483647
0,4,1678239995
4,0,2147483647
0,4,2147483647
0,4,2001120667
0,4,1558765395
0,4,2147483647
4,0,1982989985
0,4,1834340083
4,0,1961243059
4,0,1685720185
0,4,1969783740
0,4,2002418805
0,4,1966042682
4,0,2147483647
0,4,1835324555
4,0,2070110928
4,0,2147483647
0,4,1832256199
0,4,2147483647
0,4,2003537756
4,0,2147483647
4,0,2012549126
0,4,1975040504
0,4,1835974474
4,0,1957745916
4,0,2147483647
4,0,1754192209
0,4,2001947271
0,4,1957065322
0,4,1969992398
4,0,2000953619
0,4,1881784104
0,4,1933163201
0,4,1695137257
0,4,2053859329
0,4,1997890629
0,4,1792865652
4,0,2147483647
0,4,1835772659
0,4,1964835491
4,0,2147483647
4,0,1999500328
4,0,1676387727
4,0,2147483647
4,0,2147483647
0,4,1973401861
4,0,1978441286
4,0,2058387492
4,0,2147483647
0,4,1880562629
0,4,2064373089
4,0,2054299476
0,4,2067999430
0,4,2147483647
0,4,1982787500
0,4,1956358973
0,4,1971604877
4,0,2016990294
0,4,2147483647
0,4,1823969950
4,0,1834125681
0,4,1835721508
0,4,1833310414
4,0,1558669355
0,4,2147483647
0,4,1822721812
0,4,1965952367
0,4,2053748414
0,4,1823417257
0,4,2039711243
4,0,2147483647
4,0,1984530142
0,4,2063854946
0,4,2147483647
0,4,1823791724
4,0,1686567105
0,4,1831347423
4,0,2147483647
4,0,2147483647
0,4,1975088292
0,4,1880381221
0,4,1557495851
4,0,1985395190
4,0,1997975253
4,0,2016608836
0,4,2016071376
0,4,2065056427
4,0,2147483647
4,0,2063123233
0,4,2147483647
4,0,2017436274
0,4,1997213502
0,4,1557615386
0,4,2012136653
4,0,2058255096
4,0,2147483647
0,4,1956072613
0,4,2147483647
4,0,1975823112
0,4,2061281346
0,4,1969829341
4,0,2013302940
4,0,1834702702
4,0,2014894952
4,0,2147483647
0,4,2054022677
0,4,2052897293
0,4,2071030719
0,4,1967641411
4,0,2061301194
0,4,2058861596
4,0,2002776429
4,0,1883149671
4,0,1991527141
0,4,1992518706
0,4,2147483647
0,4,1677642632
0,4,1966130988
0,4,1981172548
0,4,2147483647
0,4,2004190742
4,0,2068640978
4,0,1833781606
4,0,2147483647
0,4,1688895814
0,4,1825607170
0,4,1997427492
0,4,1976197547
4,0,2147483647
0,4,2147483647
4,0,1974908002
0,4,1796904794
0,4,1882374395
0,4,1970309658
0,4,2014449129
0,4,1993412683
4,0,1962457423
0,4,2015050192
0,4,1973519672
0,4,1978359765
4,0,2000859431
0,4,2002815670
0,4,1556361985
0,4,2147483647
0,4,1833911324
0,4,2052425245
4,0,2069871992
0,4,1983861430
4,0,2147483647
4,0,1977752930
0,4,1974757320
0,4,2015175348
4,0,1977947576
0,4,2060103375
0,4,1754602246
4,0,2147483647
4,0,1978161099
0,4,2072225907
0,4,1981801688
0,4,2051958919
4,0,2001457053
4,0,2147483647
0,4,1686638877
0,4,2014211807
4,0,2147483647
0,4,1880800910
4,0,1551049117
0,4,1970148751
4,0,1688115203
4,0,2063736710
4,0,2067542510
4,0,1992573871
4,0,2147483647
0,4,1880204818
4,0,2010601007
4,0,1684969857
0,4,1967191955
4,0,2147483647
0,4,1975139302
0,4,1960396697
4,0,2147483647
0,4,1976012979
0,4,2011037714
0,4,1752964724
4,0,2065331597
4,0,1692095665
0,4,1824135548
0,4,1975155081
0,4,2063935126
4,0,2147483647
4,0,2147483647
4,0,1962460120
0,4,2147483647
4,0,1996245626
0,4,2147483647
0,4,1677893444
4,0,1795258508
4,0,2057168329
0,4,1957276202
4,0,1557133612
4,0,2046055762
4,0,1557376333
4,0,2147483647
0,4,2072280721
0,4,1827894541
0,4,1989299126
0,4,2147483647
0,4,1984716271
4,0,2049500048
0,4,1975184407
0,4,1880206985
0,4,2014888238
4,0,1823121412
0,4,2147483647
0,4,2147483647
0,4,2147483647
0,4,2031083377
0,4,2064445962
4,0,2061967745
4,0,2147483647
0,4,1695965030
0,4,2053209711
4,0,2147483647
0,4,1990081251
4,0,2147483647
0,4,1556859702
4,0,2017608191
0,4,2147483647
4,0,2147483647
0,4,1467841985
0,4,1976169021
4,0,1991303591
4,0,2147483647
0,4,1834768511
4,0,1754151996
4,0,1468293310
0,4,2013067159
4,0,1981815354
0,4,1826416844
0,4,1970518051
0,4,2062915421
4,0,2147483647
0,4,1968318627
4,0,2147483647
0,4,1966636524
0,4,1976481129
4,0,2147483647
0,4,1967887709
4,0,1989897759
0,4,2066644913
4,0,2058161693
0,4,1832787208
0,4,2147483647
0,4,2147483647
0,4,1961988280
0,4,2001956856
0,4,1966747487
4,0,2003229650
0,4,1963463834
0,4,2147483647
0,4,1881187433
4,0,1881060436
4,0,2008244725
0,4,1675862988
0,4,1688043632
4,0,1828024584
0,4,1991796239
0,4,1973365696
0,4,2147483647
4,0,1989741850
0,4,1881754375
0,4,1956246359
4,0,1991189594
0,4,1468851257
0,4,2147483647
0,4,1956309909
0,4,2013179966
4,0,2061514319
0,4,1678265340
0,4,1974776762
0,4,1468527858
4,0,1972624038
4,0,2071744089
4,0,2147483647
4,0,2147483647
0,4,1980454888
0,4,2147483647
0,4,2007164150
0,4,2049305380
4,0,2045841638
0,4,1969386205
4,0,2067502388
4,0,1971059925
0,4,1833565153
0,4,1678131591
0,4,1972329512
4,0,2071089740
0,4,1969716436
4,0,1677207746
0,4,1879952416
4,0,1557680197
4,0,1966195083
0,4,1677458774
0,4,2147483647
0,4,1553462868
0,4,1974381482
4,0,1684926912
4,0,2147483647
4,0,1968788388
4,0,2147483647
4,0,1999622490
4,0,1971851239
4,0,2147483647
4,0,1996192111
4,0,1969597259
0,4,1981145763
0,4,2053746919
4,0,2147483647
4,0,1833580364
0,4,2065576808
0,4,1468350990
0,4,2013899212
0,4,1684847803
4,0,2147483647
0,4,1969765452
0,4,2000428122
4,0,2147483647
0,4,1981707307
0,4,1692098447
0,4,1556607315
0,4,1996254213
0,4,2147483647
4,0,2147483647
0,4,1967945321
0,4,2147483647
0,4,2044814850
4,0,2147483647
0,4,1992455857
0,4,1551492312
0,4,1972542486
0,4,1986786468
0,4,2013536004
0,4,1468363696
0,4,2056953624
0,4,1468323352
0,4,2055538669
0,4,1957457351
0,4,1932858345
0,4,2147483647
0,4,1975217477
0,4,1554166882
0,4,2002031791
0,4,2147483647
4,0,2016634229
0,4,2147483647
4,0,2147483647
0,4,1983309302
0,4,1553179492
4,0,2147483647
0,4,2147483647
0,4,1880633614
4,0,2147483647
4,0,1553823403
0,4,1983207574
0,4,2053489850
0,4,2015051837
0,4,1966375840
0,4,2011036397
0,4,1770548980
0,4,2002670646
4,0,1982360586
4,0,1565096048
0,4,2147483647
0,4,1976092811
0,4,2001120529
0,4,1998696896
0,4,2147483647
4,0,2067114961
0,4,1574087957
0,4,1693209039
0,4,1468194474
0,4,1997539608
0,4,2147483647
4,0,2147483647
4,0,2066940996
4,0,2147483647
0,4,2052865551
0,4,2147483647
0,4,1977004923
4,0,2063704547
4,0,1563807026
0,4,2147483647
0,4,2147483647
0,4,2001179123
0,4,1989756576
0,4,1676314127
0,4,2051161334
4,0,2147483647
0,4,1957446637
4,0,2147483647
0,4,1834516908
4,0,1975221731
0,4,2054873163
4,0,1564646271
0,4,2147483647
0,4,1572844206
0,4,1990113456
4,0,1972180784
0,4,2065958726
0,4,2014691453
4,0,1794908642
4,0,2147483647
0,4,1956072585
4,0,2068628581
0,4,1932293682
4,0,2069520832
4,0,2147483647
0,4,1558213818
4,0,2067973002
0,4,1979229344
0,4,1975982905
0,4,1685031414
4,0,2147483647
4,0,1980608730
4,0,2147483647
0,4,1981935469
0,4,2061525160
4,0,2147483647
0,4,1753309879
0,4,1979334350
0,4,1685519453
4,0,2147483647
4,0,2147483647
0,4,1551427323
4,0,2048255466
4,0,2069781685
0,4,2052747849
0,4,1993750006
0,4,1979707351
0,4,2147483647
4,0,2147483647
4,0,2147483647
4,0,2060633011
0,4,1978972341
0,4,2002015528
0,4,2015905004
0,4,1750965106
0,4,1995468359
0,4,2052857472
0,4,1694091113
0,4,1982166633
0,4,2000916354
0,4,1795269197
4,0,2147483647
0,4,1965859633
4,0,2013504283
0,4,2147483647
0,4,1751500571
0,4,2058658659
0,4,1997119782
4,0,2147483647
4,0,1754092861
4,0,1973811135
0,4,2065074618
0,4,1969028205
4,0,2147483647
0,4,1975008124
4,0,2147483647
4,0,2147483647
4,0,1759163629
4,0,2147483647
0,4,1983863774
0,4,1469586840
4,0,2147483647
4,0,2147483647
0,4,2065768783
4,0,1573322799
0,4,1970443605
4,0,2147483647
0,4,1677909760
0,4,1827731688
4,0,1993859360
4,0,2010644681
0,4,2009186739
0,4,2047581389
4,0,1966228071
0,4,1989391854
4,0,1550842657
0,4,2147483647
4,0,2002319172
0,4,1676369117
0,4,1977779735
0,4,1981375366
4,0,1961059288
4,0,1979755052
0,4,2147483647
4,0,1556696599
0,4,1970529558
4,0,1879965913
0,4,1695249050
4,0,2147483647
4,0,2147483647
0,4,1979714962
4,0,2147483647
0,4,1973435677
0,4,2016176404
0,4,1978816189
0,4,1559129556
4,0,2147483647
0,4,1976531261
0,4,1932886859
0,4,1795317308
0,4,1557108349
0,4,1469026374
0,4,2003292865
4,0,2147483647
0,4,1975201513
4,0,1992703336
4,0,2147483647
0,4,1960762111
4,0,1556721843
0,4,1564202104
0,4,2147483647
0,4,1677330082
4,0,2062438113
4,0,2070167100
4,0,1573159475
4,0,2147483647
4,0,2051012325
0,4,1676972538
4,0,2147483647
4,0,2147483647
0,4,2016556999
0,4,2053012026
0,4,2055957845
4,0,2052485717
0,4,1559708910
4,0,1960425693
0,4,1982770345
0,4,2147483647
0,4,2062448130
0,4,2050115199
4,0,2147483647
4,0,1687331308
0,4,1468788316
0,4,1980668650
0,4,2070747966
0,4,1961922459
0,4,2018376280
0,4,2147483647
0,4,1983847117
0,4,1970197396
0,4,1985401668
0,4,1836133712
4,0,2015206815
4,0,1972397859
0,4,2147483647
0,4,1557782637
4,0,1969275290
0,4,1969767851
4,0,2147483647
0,4,2039765546
0,4,1694401066
4,0,2147483647
0,4,2058027787
0,4,2062447973
4,0,2009275068
0,4,1975739142
0,4,2015985772
0,4,1971577875
4,0,2147483647
4,0,1880916014
4,0,2147483647
4,0,1986183763
0,4,2147483647
0,4,1558885636
4,0,2050821922
0,4,1827731134
4,0,1966449859
4,0,1793068369
4,0,2147483647
0,4,1967870016
0,4,2053316113
4,0,2070108993
0,4,1989032082
0,4,1693831043
4,0,2000628048
0,4,1883302756
4,0,2147483647
0,4,2063718381
0,4,2147483647
0,4,2051626532
4,0,2070619778
0,4,1833814026
0,4,2044847206
4,0,2147483647
4,0,1834471224
0,4,2070659906
0,4,1998959247
4,0,2013323587
0,4,2033645275
0,4,2062626062
0,4,2070151359
0,4,1793119103
0,4,2067434489
4,0,2052620702
4,0,2147483647
4,0,1564463278
0,4,1564103697
4,0,1963649102
0,4,1980616407
0,4,1982017001
0,4,2002710750
4,0,2147483647
0,4,1933223520
0,4,2049461341
4,0,2147483647
4,0,2147483647
0,4,1556986559
0,4,2147483647
0,4,1999218343
0,4,2147483647
4,0,2001692811
0,4,1688818625
0,4,1996257822
0,4,1558676679
0,4,2147483647
0,4,2051733249
0,4,1994997850
0,4,2059382227
0,4,1467823046
4,0,2015777146
0,4,2061365229
4,0,1882086549
0,4,1968182911
0,4,2147483647
0,4,2147483647
0,4,2013932949
0,4,1826036855
4,0,2147483647
0,4,1984414713
4,0,2147483647
4,0,2147483647
0,4,1687125121
0,4,2016283067
0,4,1996276529
0,4,2015667870
0,4,2011927964
0,4,1977579125
0,4,1880937071
4,0,2147483647
0,4,2147483647
4,0,2147483647
0,4,1827778353
0,4,1558023873
0,4,1573752902
0,4,1980017547
4,0,1835728768
4,0,2013137890
0,4,1961529066
4,0,2147483647
0,4,1827437673
0,4,1970154971
0,4,2030755804
4,0,1965531224
4,0,2006459542
4,0,2059947755
4,0,2016999562
4,0,2147483647
4,0,1973845464
4,0,1974639885
0,4,2147483647
4,0,1981391396
0,4,2147483647
0,4,1550847854
4,0,1558066637
0,4,1557388067
0,4,2065697920
0,4,2061394960
0,4,2147483647
0,4,2047856380
0,4,1984395758
0,4,1994828373
0,4,2072111426
0,4,1978385104
4,0,2147483647
4,0,2007794059
0,4,1836189437
0,4,1964546332
0,4,2147483647
0,4,1694457763
0,4,1933020610
4,0,1988864103
4,0,2016094787
4,0,2147483647
4,0,2062512680
0,4,1956277054
4,0,2147483647
0,4,2067470521
0,4,1957357686
4,0,2147483647
0,4,2147483647
4,0,2147483647
0,4,2147483647
0,4,1972897232
0,4,2069789663
4,0,1685694596
0,4,1770980190
0,4,2015723770
0,4,1997048398
4,0,1964592011
0,4,1880294252
0,4,2055997262
4,0,1990436133
4,0,1573299338
0,4,1978544281
4,0,2147483647
4,0,2147483647
4,0,2000761412
0,4,1972774537
0,4,1882230451
4,0,2147483647
4,0,1556794166
0,4,1999932520
4,0,2147483647
4,0,2147483647
0,4,1989713332
0,4,2147483647
0,4,1977027067
0,4,1990969320
4,0,1986163450
0,4,2064896422
0,4,1469814230
0,4,1998433269
0,4,2067012796
4,0,2147483647
0,4,2052447363
4,0,2147483647
0,4,1880534453
4,0,1881246469
0,4,2147483647
4,0,2147483647
4,0,1557029129
4,0,1976288886
0,4,2068275388
0,4,1677055474
4,0,2049456132
4,0,1985140663
0,4,2055509594
0,4,1793829089
0,4,2001751028
0,4,2072188554
0,4,1832351284
0,4,1751953066
4,0,1964127614
4,0,1964246804
4,0,1963531079
0,4,2064200474
0,4,2147483647
0,4,2000790215
4,0,1826057919
4,0,2147483647
0,4,1978639293
0,4,2147483647
4,0,2147483647
4,0,2147483647
0,4,2147483647
0,4,1999020740
4,0,1826451189
0,4,1965563541
0,4,1823818049
4,0,2147483647
0,4,1976151999
4,0,2147483647
0,4,1835247689
0,4,1882162648
4,0,1834399328
4,0,1967331972
0,4,2066029664
0,4,1688114114
4,0,1795501115
4,0,2147483647
0,4,2147483647
0,4,1998672713
0,4,1992560349
0,4,2015338603
4,0,2147483647
0,4,2062501982
4,0,1988999863
4,0,2069989234
4,0,2147483647
0,4,1986006253
4,0,1822461923
0,4,2015784644
4,0,1973447806
0,4,2068117437
4,0,1792352669
4,0,2147483647
0,4,2052596834
0,4,1984847555
4,0,1834160211
0,4,1468022154
4,0,1996606351
0,4,1970664050
4,0,2147483647
4,0,2147483647
0,4,1836226421
0,4,2031180864
0,4,2049284937
4,0,2054482218
0,4,2061198652
4,0,1963408939
4,0,2001391684
0,4,2147483647
0,4,1752773617
4,0,2147483647
0,4,2050829441
4,0,2016050359
4,0,2147483647
4,0,1977727103
4,0,2147483647
0,4,1564503761
0,4,2062303571
4,0,1468141439
4,0,1968808631
0,4,1563758374
0,4,2017015076
0,4,1996216128
4,0,1990297488
4,0,2147483647
4,0,1974017254
0,4,1970792485
0,4,1553240921
4,0,2147483647
4,0,2147483647
4,0,2147483647
0,4,2068965661
4,0,2147483647
0,4,1968025577
0,4,2052719106
4,0,2001034271
0,4,2062656961
0,4,2052907212
0,4,2001577743
0,4,1975629391
4,0,2147483647
4,0,1792887601
0,4,2055072550
0,4,1677426682
4,0,1563611376
4,0,2147483647
4,0,2147483647
0,4,2015151444
0,4,2000153119
4,0,1879914989
0,4,2063080732
0,4,2147483647
0,4,2147483647
4,0,2147483647
0,4,1962398562
0,4,1997330783
0,4,1989903419
0,4,1695618512
0,4,2061904935
4,0,2147483647
0,4,1681138808
4,0,2052822329
0,4,1823122006
0,4,1759770550
4,0,1996478583
0,4,1933174799
4,0,1795267023
0,4,2061698312
4,0,2147483647
4,0,2066919710
0,4,1469369598
0,4,1976531735
4,0,2147483647
0,4,2147483647
0,4,2016976610
0,4,2066463494
4,0,1960864881
0,4,2064594138
0,4,2052260030
0,4,1974150776
0,4,1754400430
4,0,1965698138
4,0,2014720087
0,4,1983970733
0,4,2147483647
4,0,2147483647
4,0,2147483647
4,0,2147483647
0,4,2064302992
4,0,1881019472
0,4,2147483647
4,0,2147483647
4,0,1973021054
4,0,2147483647
4,0,2147483647
4,0,2059288110
0,4,1559677492
4,0,2147483647
0,4,1962798803
0,4,2051944893
0,4,1827705794
4,0,1985196593
0,4,1684847233
4,0,2147483647
0,4,1834355575
0,4,2013470451
0,4,2015722464
0,4,2002830925
4,0,2014908428
0,4,2003129899
0,4,1573579796
4,0,2147483647
0,4,1794909438
4,0,1882256356
4,0,2147483647
4,0,1991756511
0,4,1980311345
0,4,1827584721
0,4,2147483647
0,4,2068817613
4,0,2147483647
0,4,1677579918
0,4,2014949754
0,4,1468956216
0,4,2014703614
0,4,1792325654
0,4,2063383383
4,0,1564539484
0,4,2147483647
0,4,1882109437
0,4,2057674039
4,0,2072213230
0,4,1694222692
4,0,1835149415
0,4,2071244554
0,4,2059881665
0,4,1999390533
4,0,2062211188
0,4,2059232262
0,4,1880606965
0,4,1965544428
0,4,2052173376
0,4,1956687021
4,0,1469757896
0,4,2147483647
0,4,1995192416
0,4,1971112157
4,0,1753665095
0,4,1824182353
0,4,1967005106
0,4,2015336491
0,4,1824246100
0,4,1880693074
0,4,1834663105
4,0,2039678872
4,0,2052280715
0,4,2032695643
4,0,2147483647
0,4,2147483647
0,4,1835548598
0,4,1972472818
0,4,1975533891
0,4,2015053056
4,0,2147483647
0,4,2147483647
4,0,2147483647
4,0,2044050625
4,0,2147483647
4,0,2147483647
0,4,1824203706
0,4,1971109316
0,4,1968023841
0,4,2147483647
0,4,1955984349
4,0,2147483647
0,4,1992313668
4,0,2147483647
4,0,2147483647
0,4,1972987530
0,4,1961113314
0,4,1827939149
0,4,1692216922
4,0,1956367230
0,4,2147483647
0,4,1966946892
0,4,2071795540
0,4,2011632671
4,0,1564081779
0,4,2147483647
0,4,1880313657
0,4,1685006271
4,0,2147483647
4,0,1994400912
4,0,1976905800
0,4,2069604944
4,0,2147483647
4,0,2147483647
0,4,2065663298
4,0,1564070541
0,4,1971194864
0,4,2053132095
0,4,1970074958
0,4,2001771572
0,4,2033595822
4,0,2147483647
0,4,1880771065
4,0,1998665646
0,4,1993728824
4,0,2071552781
4,0,1932488838
4,0,1882260940
4,0,2016568955
4,0,2147483647
4,0,2147483647
0,4,2004972457
4,0,1691119156
4,0,1973528321
4,0,2054738893
0,4,1967775539
4,0,1558281863
4,0,2147483647
0,4,1996897701
4,0,1695053664
0,4,1981279182
4,0,1823841605
0,4,1556723578
4,0,2147483647
0,4,1972294343
0,4,1998393397
4,0,2147483647
0,4,1997400814
4,0,1881838716
0,4,1548499336
4,0,2147483647
0,4,1961152410
4,0,2147483647
0,4,1677686886
0,4,1834375554
4,0,1955948430
4,0,2147483647
4,0,2147483647
0,4,2067453180
0,4,1995592533
4,0,2147483647
4,0,2147483647
0,4,1961767016
0,4,1694835175
4,0,1974163980
0,4,2147483647
0,4,1880755293
4,0,2147483647
0,4,2001077413
4,0,1988771138
0,4,2006965930
0,4,1990051361
0,4,1979007194
0,4,1694203788
4,0,2060937765
0,4,1982515350
4,0,1692812547
0,4,2047746722
0,4,2069863475
0,4,1963243460
4,0,2147483647
4,0,1997045116
0,4,1988736262
0,4,1961552457
4,0,2147483647
0,4,2067586792
0,4,1975939493
0,4,2061394151
0,4,1997425873
0,4,2062725172
4,0,2147483647
0,4,1686267004
0,4,2013805585
0,4,1827575139
0,4,2000827514
0,4,1796857377
0,4,2001437337
0,4,1993120594
0,4,1990550287
4,0,1983703186
0,4,2062797552
4,0,2062462844
0,4,1677133500
0,4,1980552206
0,4,1933096711
0,4,2017839381
0,4,1827846187
4,0,2052406333
4,0,1963228517
4,0,1755181321
4,0,1573359893
4,0,2147483647
4,0,1975974650
0,4,2053908077
4,0,2147483647
4,0,1955981915
0,4,1836117517
0,4,1985400868
4,0,1970907096
0,4,2147483647
0,4,2064532032
4,0,2147483647
0,4,2003312248
4,0,2019063353
0,4,2014023325
4,0,1754318478
0,4,2016399431
4,0,2054003614
0,4,2064742609
0,4,1564878895
0,4,2147483647
4,0,2147483647
0,4,1882248866
4,0,2147483647
4,0,1973600281
0,4,2147483647
0,4,1998956190
0,4,2147483647
4,0,2012552114
0,4,1970409553
0,4,1976972661
4,0,2147483647
0,4,2000415571
0,4,1833647435
4,0,2147483647
0,4,2002777609
4,0,1824425910
0,4,1971231329
0,4,1999783989
0,4,1982906648
0,4,1685608923
0,4,2002232147
0,4,1970419886
0,4,1975613283
0,4,2070407635
0,4,1990953879
0,4,2059648459
4,0,2147483647
4,0,1957738949
0,4,2147483647
4,0,2002434115
0,4,2147483647
0,4,2056371849
4,0,2003826800
0,4,2053816641
0,4,1957542093
0,4,1990682302
4,0,2147483647
0,4,2060000387
0,4,2004452778
0,4,1976468031
0,4,1833802829
4,0,1836031467
0,4,1833994033
4,0,2053791115
0,4,1882466664
4,0,1981613499
4,0,1978859180
4,0,2147483647
0,4,2147483647
0,4,2063033821
0,4,1958097406
0,4,1999292398
4,0,1826374428
4,0,2057402708
0,4,2055323546
0,4,2017684590
0,4,2070152475
0,4,2057993029
0,4,1986156092
0,4,2147483647
4,0,2000094353
0,4,2060244405
4,0,2070161190
0,4,1695083053
0,4,2054609470
0,4,1677809658
0,4,1557556783
0,4,1976799764
0,4,2147483647
4,0,2064768311
0,4,1956057911
0,4,1983433495
0,4,2064271818
4,0,2147483647
0,4,1678944638
4,0,2056400155
0,4,2053047305
4,0,1836173778
0,4,2147483647
4,0,1980822577
4,0,2147483647
4,0,1985478051
0,4,2147483647
4,0,2147483647
0,4,1982856159
4,0,2147483647
0,4,2000709333
0,4,1961593466
0,4,1563867822
4,0,1962935019
4,0,1993985091
4,0,2147483647
0,4,1975233353
4,0,1759615612
0,4,2062080445
4,0,2002051255
0,4,2071283443
0,4,2067939553
4,0,1971281681
0,4,1825067071
0,4,2066047292
0,4,1564038345
4,0,2147483647
0,4,2147483647
0,4,2003263095
0,4,2002298070
4,0,2147483647
0,4,1828076023
0,4,1996954921
4,0,1770739995
0,4,2065784778
4,0,2053835647
4,0,1755082319
4,0,2147483647
4,0,2062354960
0,4,2063487927
4,0,2147483647
4,0,2147483647
0,4,2062363245
4,0,2147483647
0,4,1989490494
0,4,2012032043
0,4,1792421251
4,0,1825339978
0,4,1991137055
0,4,1880522469
0,4,1932481527
0,4,1977080525
4,0,2147483647
0,4,2014753901
4,0,2017391462
0,4,2059202007
0,4,1755315486
4,0,2147483647
0,4,2147483647
0,4,2050903956
0,4,2048577265
0,4,2147483647
4,0,2147483647
4,0,1564644828
0,4,2147483647
0,4,1792917517
0,4,1677093740
4,0,1695403228
4,0,1822828419
0,4,1984733349
0,4,2147483647
4,0,1967098968
0,4,1827780611
0,4,1755708109
4,0,2147483647
0,4,1833813489
4,0,1686920875
4,0,1994431534
4,0,1678752734
0,4,1980868582
0,4,1990224474
0,4,1969916943
0,4,1978448943
0,4,2147483647
0,4,1573385524
0,4,1564855103
0,4,1882146601
0,4,1984518086
4,0,2071779738
4,0,1975048599
0,4,1685030594
4,0,2147483647
0,4,1771004434
4,0,2147483647
4,0,2147483647
0,4,2055619526
0,4,1881451798
0,4,2052880870
4,0,2147483647
0,4,1754024315
0,4,2147483647
0,4,1994699758
4,0,2055633748
4,0,2147483647
0,4,1997462948
0,4,1990906642
0,4,1684927674
4,0,2147483647
0,4,1975628152
4,0,2147483647
4,0,2072437483
0,4,1557632526
0,4,1961292123
4,0,1985629149
4,0,2147483647
0,4,1972002565
0,4,2001666523
0,4,1956341748
0,4,1688008805
0,4,2059699785
4,0,2147483647
0,4,2147483647
0,4,1996357152
4,0,1833818886
4,0,1962702878
0,4,1564297902
0,4,1957690280
4,0,2147483647
0,4,1691052283
0,4,1967006062
4,0,2147483647
0,4,1967115595
0,4,2147483647
0,4,1965619672
4,0,2147483647
0,4,2147483647
0,4,2147483647
0,4,2008965132
0,4,1694312237
0,4,2012722962
0,4,1961832475
4,0,2147483647
4,0,2147483647
4,0,1962015688
0,4,2053801687
4,0,2147483647
4,0,2147483647
4,0,2147483647
0,4,2147483647
4,0,2147483647
0,4,1751503363
0,4,1983950254
0,4,1965508306
4,0,2147483647
0,4,1827640099
0,4,1992687023
4,0,2013760796
0,4,1833021794
0,4,1973879330
4,0,1976102785
4,0,1956254612
4,0,2147483647
4,0,1752557097
0,4,1752321034
4,0,2002598590
4,0,1997064547
4,0,1685363424
4,0,2147483647
4,0,1882404021
0,4,2013288726
4,0,2054562630
4,0,2147483647
0,4,1693609326
0,4,2000351448
0,4,2001525830
0,4,2054047875
4,0,2147483647
0,4,2147483647
4,0,2147483647
0,4,1984935450
0,4,1996595845
0,4,2014317083
0,4,1564121955
4,0,1991074956
0,4,1989757455
0,4,1676872434
0,4,2051242290
4,0,1564363153
4,0,2016399404
0,4,1992111362
4,0,2147483647
4,0,2000937602
4,0,2147483647
4,0,2147483647
0,4,2063589457
4,0,2147483647
